4,3
4,2
4,1
4,0
3,6
3,5
3,4
3,3
3,2
3,1
3,0
2,2
1,2
0,243
120,8
1,1
120,7
1,3
120,6
120,5
1,0
120,4
112,1
112,3
112,0
116,1
116,3
116,0
114,1
114,3
114,0
119,1
119,3
119,0
120,1
120,3
0,439
120,0
2,9
2,1
2,11
2,3
2,0
0,9
0,310
0,305
0,308
0,304
0,303
0,302
0,307
0,12
0,438
0,10
0,8
0,0
0,417
0,300
0,416
0,299
0,415
0,298
0,414
0,297
0,413
0,296
0,434
0,295
0,436
0,294
0,433
0,293
0,412
0,292
0,411
0,291
0,432
0,290
0,410
0,289
0,409
0,288
0,407
0,287
0,406
0,286
0,405
0,285
0,431
0,284
0,430
0,283
0,429
0,282
0,404
0,281
0,403
0,280
0,428
0,279
0,402
0,278
0,401
0,277
0,400
0,276
0,399
0,275
0,398
0,274
0,427
0,273
0,426
0,272
0,425
0,271
0,397
0,270
0,396
0,269
0,268
0,395
0,267
0,394
0,266
0,393
0,265
0,392
0,264
0,391
0,263
0,424
0,262
0,423
0,261
0,390
0,260
0,389
0,259
0,422
0,258
0,388
0,257
0,387
0,256
0,386
0,255
0,385
0,254
0,372
0,253
0,421
0,252
0,420
0,251
0,371
0,250
0,370
0,249
0,384
0,248
0,419
0,247
0,383
0,246
0,382
0,245
0,381
0,244
0,380
0,242
0,379
0,241
0,369
0,240
0,435
0,239
0,378
0,238
0,377
0,237
0,376
0,236
0,375
0,235
0,374
0,234
0,373
0,233
0,418
0,232
0,368
0,231
0,367
0,230
0,366
0,229
0,365
0,228
0,364
0,227
0,363
0,226
0,362
0,225
0,361
0,224
0,360
0,223
0,359
0,222
0,358
0,221
0,357
0,220
0,356
0,219
0,355
0,218
0,354
0,217
0,353
0,216
0,352
0,215
0,351
0,214
0,350
0,213
0,349
0,212
0,348
0,211
0,347
0,210
0,346
0,209
0,345
0,208
0,344
0,207
0,343
0,206
0,342
0,205
0,341
0,204
0,340
0,203
0,339
